solo30s/topo/adem.txt
ncols	 271                    
nrows	 166                    
xllcorner	 110.4000000000     
yllcorner	 -8.1583333333      
cellsize	 0.00833333333333    
NODATA_value  -9999           
[rows 125 to 149 of 166, columns 58 to 115 of 271]
269.00000 193.00000 213.00000 254.00000 147.00000 130.82000 139.00000 151.00000 162.00000 176.00000 196.00000 209.00000 205.00000 234.00000 246.00000 261.00000 274.00000 290.00000 307.00000 313.00000 313.00000 337.00000 352.00000 339.00000 341.00000 365.00000 375.00000 388.00000 404.00000 433.00000 453.68000 455.00000 467.00000 467.00000 494.00000 508.00000 497.00000 515.00000 501.00000 476.00000 476.00000 460.00000 440.00000 414.00000 398.00000 379.00000 356.00000 336.00000 390.00000 504.00000 493.00000 458.00000 320.00000 283.00000 437.00000 453.00000 354.00000 249.00000
415.00000 363.00000 319.00000 219.00000 142.00000 134.00000 140.00000 146.00000 156.00000 173.00000 184.00000 200.00000 212.00000 227.00000 236.00000 252.00000 265.00000 277.00000 288.00000 296.00000 296.00000 321.00000 324.00000 311.00000 327.00000 338.00000 355.00000 360.00000 381.00000 408.00000 419.00000 424.00000 436.00000 436.00000 460.00000 463.00000 458.00000 471.00000 467.00000 454.00000 431.00000 429.00000 409.00000 386.00000 373.00000 348.00000 327.00000 336.00000 412.00000 460.00000 597.00000 459.00000 329.00000 234.00000 326.00000 320.00000 269.00000 196.00000
598.00000 580.00000 514.00000 295.00000 166.00000 136.89000 142.00000 151.00000 162.00000 171.00000 181.00000 191.00000 205.00000 213.00000 223.00000 243.00000 252.00000 264.00000 268.51000 278.00000 287.00000 297.00000 300.00000 295.00000 306.00000 323.00000 330.00000 338.00000 363.00000 381.00000 391.00000 387.00000 406.00000 406.00000 430.00000 428.00000 425.00000 430.00000 434.00000 408.00000 408.00000 393.00000 367.00000 351.00000 350.00000 325.00000 295.00000 286.00000 264.00000 306.00000 478.00000 412.00000 334.00000 203.00000 188.00000 218.00000 158.00000 142.00000
465.00000 489.00000 434.00000 303.00000 144.00000 136.89000 137.00000 141.00000 146.00000 157.00000 177.00000 194.00000 205.00000 213.00000 223.00000 230.00000 237.00000 248.00000 251.00000 268.49000 272.00000 285.00000 270.00000 281.00000 292.00000 305.00000 304.00000 318.00000 339.00000 352.00000 352.00000 361.00000 383.00000 388.00000 401.00000 396.00000 396.00000 396.00000 408.00000 488.00000 586.00000 626.00000 480.00000 349.00000 324.00000 306.00000 279.00000 259.00000 235.00000 229.00000 282.00000 330.00000 285.00000 268.00000 173.00000 153.00000 139.00000 132.00000
272.00000 281.00000 226.00000 179.00000 136.89000 147.00000 151.00000 141.00000 141.00000 155.00000 166.00000 186.00000 196.00000 205.00000 216.00000 221.00000 228.01000 227.99000 239.00000 252.00000 263.00000 263.00000 254.00000 262.00000 279.00000 277.00000 297.99000 308.00000 318.00000 338.00000 335.00000 350.00000 359.00000 364.00000 370.00000 369.00000 372.00000 377.00000 388.00000 450.00000 702.00000 787.00000 564.00000 354.00000 294.00000 280.00000 264.00000 244.00000 225.00000 208.00000 201.00000 270.00000 351.00000 287.00000 197.00000 131.00000 127.00000 126.00000
198.00000 176.00000 146.00000 136.90000 137.00000 142.00000 154.00000 162.00000 158.00000 156.32000 156.34000 171.00000 183.00000 195.00000 205.00000 207.00000 209.00000 212.00000 252.00000 326.00000 252.00000 243.00000 238.00000 251.00000 257.00000 267.00000 278.00000 298.01000 302.00000 316.00000 312.00000 329.00000 335.00000 343.00000 351.00000 347.00000 350.00000 365.00000 382.00000 537.00000 774.00000 677.00000 495.00000 324.00000 266.00000 259.00000 243.00000 225.00000 209.00000 189.00000 178.00000 215.00000 282.00000 186.00000 145.00000 131.00000 127.00000 122.00000
192.00000 146.00000 136.90000 137.00000 137.00000 138.00000 162.00000 158.00000 166.00000 188.00000 176.00000 156.34000 165.00000 180.00000 192.00000 189.00000 197.00000 233.00000 345.00000 354.00000 223.00000 232.00000 220.00000 237.00000 246.49000 259.00000 267.00000 275.00000 282.00000 290.00000 301.00000 308.00000 319.00000 320.00000 324.00000 321.00000 336.00000 360.00000 480.00000 685.00000 699.00000 564.00000 461.00000 337.00000 266.00000 239.00000 239.00000 217.99000 241.00000 286.00000 179.00000 157.49000 185.00000 151.51000 134.00000 126.00000 123.00000 120.00000
161.00000 137.00000 136.90000 137.00000 137.00000 163.00000 213.00000 229.00000 243.00000 246.00000 228.00000 203.00000 223.00000 174.99000 175.00000 175.01000 188.99000 189.01000 198.00000 209.00000 212.00000 216.00000 211.00000 225.00000 238.00000 246.51000 252.00000 252.00000 270.00000 272.00000 283.00000 294.00000 296.00000 296.01000 308.00000 336.00000 338.00000 386.00000 640.00000 736.00000 620.00000 549.00000 461.00000 317.00000 253.00000 230.00000 224.00000 218.01000 237.00000 352.00000 264.00000 157.51000 151.49000 138.00000 132.00000 127.00000 123.00000 121.00000
144.00000 137.00000 136.90000 138.00000 138.00000 154.00000 175.00000 185.00000 185.00000 230.00000 271.00000 315.00000 350.00000 345.00000 263.00000 199.00000 255.00000 258.00000 293.00000 199.99000 200.00000 200.01000 211.00000 218.00000 227.00000 235.00000 249.00000 250.00000 251.00000 265.00000 264.00000 273.00000 295.99000 299.00000 382.00000 427.00000 415.00000 491.00000 695.00000 703.00000 675.00000 549.00000 403.00000 312.00000 246.00000 240.00000 233.00000 234.00000 290.00000 302.00000 192.00000 155.00000 142.00000 137.00000 131.00000 128.00000 123.66000 123.67000
137.02000 137.02000 136.91000 136.92000 137.00000 138.00000 150.00000 169.00000 192.00000 259.00000 350.00000 329.00000 318.00000 347.00000 358.00000 265.00000 419.00000 521.00000 502.00000 359.00000 278.00000 221.00000 211.49000 211.51000 223.00000 234.00000 234.00000 239.00000 242.00000 247.00000 274.00000 381.00000 401.00000 470.00000 455.00000 677.00000 553.00000 611.00000 747.00000 763.00000 711.00000 483.00000 316.00000 284.00000 261.00000 268.00000 248.00000 266.00000 338.00000 243.00000 196.00000 180.00000 154.00000 142.00000 138.00000 154.00000 139.00000 128.49000
137.01000 137.00000 137.00000 137.03000 137.04000 137.08000 142.00000 155.00000 195.00000 258.00000 370.00000 354.00000 275.00000 296.01000 314.00000 362.00000 513.00000 500.00000 458.00000 563.00000 503.00000 276.00000 257.00000 223.00000 219.00000 220.00000 228.00000 233.00000 250.00000 279.00000 371.00000 532.00000 624.00000 646.00000 624.00000 732.00000 752.00000 838.00000 809.00000 757.00000 733.00000 512.00000 316.00000 315.00000 279.00000 302.00000 283.00000 376.00000 464.00000 340.00000 266.00000 180.00000 169.00000 170.00000 244.00000 181.00000 146.00000 135.99000
137.01000 137.00000 137.00000 140.00000 137.07000 137.08000 147.00000 170.00000 179.00000 252.00000 348.00000 355.00000 275.00000 295.99000 388.00000 493.00000 454.00000 437.00000 537.00000 610.00000 591.00000 423.00000 466.00000 306.00000 251.00000 278.00000 290.00000 287.00000 298.00000 356.00000 526.00000 723.00000 758.00000 712.00000 824.00000 890.00000 947.00000 905.00000 884.00000 661.00000 510.00000 414.00000 401.00000 362.00000 355.00000 378.00000 336.00000 515.00000 480.00000 315.00000 236.00000 231.00000 278.00000 313.00000 323.00000 207.00000 158.00000 139.00000
137.02000 137.02000 137.02000 143.00000 152.00000 145.00000 137.10000 144.00000 172.00000 199.00000 262.00000 296.00000 299.00000 239.00000 403.00000 437.00000 352.00000 426.00000 515.00000 577.00000 620.00000 614.00000 628.00000 508.00000 491.00000 546.00000 544.00000 415.00000 442.00000 475.00000 491.00000 607.00000 587.00000 615.00000 706.00000 793.00000 943.00000 966.00000 952.00000 822.00000 583.00000 473.00000 513.00000 424.00000 467.00000 428.00000 365.00000 509.00000 562.00000 412.00000 312.00000 341.00000 375.00000 459.00000 245.00000 192.00000 192.00000 220.00000
137.03000 137.03000 140.00000 142.00000 150.00000 150.00000 142.00000 140.00000 142.00000 153.00000 179.00000 171.00000 171.00000 185.00000 294.00000 247.00000 263.00000 355.00000 367.00000 421.00000 347.00000 450.00000 442.00000 438.00000 510.00000 527.00000 463.00000 316.00000 330.00000 356.00000 393.00000 521.00000 597.00000 740.00000 698.00000 881.00000 1000.00000 980.00000 1007.00000 944.00000 828.00000 730.00000 573.00000 485.00000 522.00000 592.00000 432.00000 573.00000 657.00000 480.00000 465.00000 563.00000 579.00000 383.00000 261.00000 224.00000 359.00000 266.00000
137.06000 137.04000 137.04000 139.00000 148.00000 149.00000 148.00000 148.00000 145.00000 143.00000 144.00000 147.00000 152.49000 152.51000 158.00000 168.00000 190.00000 184.00000 191.00000 244.00000 256.00000 235.00000 234.00000 348.00000 460.00000 276.00000 263.00000 285.00000 333.00000 462.00000 646.00000 623.00000 719.00000 870.00000 780.00000 949.00000 1025.00000 1042.00000 1041.00000 992.00000 917.00000 861.00000 655.00000 660.00000 629.00000 692.00000 564.00000 619.00000 817.00000 672.00000 767.00000 824.00000 693.00000 482.00000 347.00000 317.00000 262.00000 248.00000
137.04000 137.04000 138.00000 140.00000 142.00000 155.00000 173.00000 178.00000 181.00000 171.00000 190.00000 178.00000 211.00000 168.00000 160.00000 160.00000 161.00000 163.00000 167.00000 175.33000 195.00000 179.00000 236.00000 391.00000 290.00000 223.00000 274.00000 324.00000 412.00000 589.00000 698.00000 868.00000 957.00000 1011.00000 982.00000 989.00000 1027.00000 -9999.00000 -9999.00000 -9999.00000 -9999.00000 889.00000 883.00000 938.00000 886.00000 870.00000 781.00000 844.00000 876.00000 908.00000 863.00000 818.00000 890.00000 602.00000 521.00000 504.00000 370.00000 229.00000
137.20000 137.19000 139.00000 140.99000 145.00000 157.00000 178.00000 171.00000 188.00000 211.00000 245.00000 282.00000 267.00000 199.00000 221.00000 267.00000 245.00000 210.00000 176.00000 171.00000 175.33000 175.34000 183.00000 199.00000 211.00000 282.00000 424.00000 430.00000 472.00000 765.00000 892.00000 1017.00000 1039.00000 1023.00000 1039.00000 1061.00000 1089.00000 -9999.00000 -9999.00000 -9999.00000 -9999.00000 -9999.00000 934.00000 962.00000 1003.00000 1040.00000 936.00000 833.00000 878.00000 -9999.00000 -9999.00000 -9999.00000 860.00000 805.00000 605.00000 388.00000 256.00000 189.00000
138.00000 137.40000 143.00000 141.01000 144.00000 154.00000 163.00000 165.00000 171.00000 180.00000 200.00000 257.00000 313.00000 329.00000 387.00000 432.00000 331.00000 250.00000 219.00000 253.00000 208.00000 205.00000 197.00000 199.00000 243.00000 348.00000 498.00000 666.00000 595.00000 817.00000 935.00000 991.00000 1018.00000 1044.00000 1092.00000 -9999.00000 -9999.00000 -9999.00000 -9999.00000 -9999.00000 -9999.00000 -9999.00000 -9999.00000 -9999.00000 -9999.00000 -9999.00000 -9999.00000 -9999.00000 -9999.00000 -9999.00000 -9999.00000 -9999.00000 881.00000 858.00000 558.00000 400.00000 287.00000 189.00000
139.00000 137.40000 142.00000 147.00000 142.00000 149.00000 155.00000 165.00000 167.00000 185.00000 237.00000 277.00000 274.00000 288.21000 436.00000 416.00000 300.00000 270.00000 337.00000 273.00000 280.00000 375.00000 312.00000 286.00000 381.00000 381.00000 480.00000 743.00000 777.00000 832.00000 903.00000 935.00000 1044.00000 1035.00000 -9999.00000 -9999.00000 -9999.00000 -9999.00000 -9999.00000 -9999.00000 -9999.00000 -9999.00000 -9999.00000 -9999.00000 -9999.00000 -9999.00000 -9999.00000 -9999.00000 -9999.00000 -9999.00000 -9999.00000 -9999.00000 858.00000 951.00000 828.00000 691.00000 522.00000 378.00000
141.00000 137.40000 142.00000 147.00000 150.00000 151.00000 155.00000 157.00000 187.00000 204.00000 265.00000 313.00000 307.00000 277.00000 288.22000 300.00000 305.00000 375.00000 384.00000 320.00000 371.00000 557.00000 446.00000 425.00000 611.00000 628.00000 716.00000 785.00000 814.00000 860.00000 972.00000 971.00000 935.00000 -9999.00000 -9999.00000 -9999.00000 -9999.00000 -9999.00000 -9999.00000 -9999.00000 -9999.00000 -9999.00000 -9999.00000 -9999.00000 -9999.00000 -9999.00000 -9999.00000 -9999.00000 -9999.00000 -9999.00000 -9999.00000 -9999.00000 -9999.00000 866.00000 862.00000 782.00000 648.00000 419.00000
144.00000 137.41000 146.00000 149.00000 152.00000 155.00000 161.00000 177.00000 216.00000 251.00000 252.00000 271.00000 312.00000 302.00000 288.23000 288.34000 305.00000 373.00000 478.00000 476.00000 565.00000 664.00000 683.00000 566.00000 725.00000 770.00000 864.00000 882.00000 915.00000 881.00000 -9999.00000 -9999.00000 -9999.00000 -9999.00000 -9999.00000 -9999.00000 -9999.00000 -9999.00000 -9999.00000 -9999.00000 -9999.00000 -9999.00000 -9999.00000 -9999.00000 -9999.00000 -9999.00000 -9999.00000 -9999.00000 -9999.00000 -9999.00000 -9999.00000 -9999.00000 -9999.00000 -9999.00000 808.00000 719.00000 610.00000 311.00000
141.00000 143.00000 142.00000 148.00000 151.00000 156.00000 166.00000 194.00000 251.00000 372.00000 437.00000 329.00000 292.00000 318.00000 394.00000 333.00000 327.00000 392.00000 462.00000 481.00000 572.00000 687.00000 762.00000 768.00000 730.00000 807.00000 915.00000 1004.00000 -9999.00000 955.00000 -9999.00000 -9999.00000 -9999.00000 -9999.00000 -9999.00000 -9999.00000 -9999.00000 -9999.00000 -9999.00000 -9999.00000 -9999.00000 -9999.00000 -9999.00000 -9999.00000 -9999.00000 -9999.00000 -9999.00000 -9999.00000 -9999.00000 -9999.00000 -9999.00000 -9999.00000 -9999.00000 -9999.00000 -9999.00000 690.00000 581.00000 356.00000
145.00000 147.00000 145.00000 144.00000 147.00000 157.00000 165.00000 200.00000 261.00000 283.00000 392.00000 524.00000 455.00000 409.00000 487.00000 430.00000 460.00000 447.00000 453.00000 451.00000 486.00000 612.00000 765.00000 871.00000 872.00000 917.00000 969.00000 -9999.00000 -9999.00000 -9999.00000 -9999.00000 -9999.00000 -9999.00000 -9999.00000 -9999.00000 -9999.00000 -9999.00000 -9999.00000 -9999.00000 -9999.00000 -9999.00000 -9999.00000 -9999.00000 -9999.00000 -9999.00000 -9999.00000 -9999.00000 -9999.00000 -9999.00000 -9999.00000 -9999.00000 -9999.00000 -9999.00000 -9999.00000 -9999.00000 -9999.00000 578.00000 496.00000
150.00000 156.00000 153.00000 151.00000 151.00000 147.00000 152.00000 185.00000 226.00000 203.00000 238.00000 383.00000 507.00000 436.00000 350.00000 345.00000 391.00000 407.00000 404.00000 419.00000 509.00000 674.00000 805.00000 903.00000 -9999.00000 -9999.00000 -9999.00000 -9999.00000 -9999.00000 -9999.00000 -9999.00000 -9999.00000 -9999.00000 -9999.00000 -9999.00000 -9999.00000 -9999.00000 -9999.00000 -9999.00000 -9999.00000 -9999.00000 -9999.00000 -9999.00000 -9999.00000 -9999.00000 -9999.00000 -9999.00000 -9999.00000 -9999.00000 -9999.00000 -9999.00000 -9999.00000 -9999.00000 -9999.00000 -9999.00000 -9999.00000 771.00000 701.00000
159.00000 166.00000 173.00000 193.00000 166.00000 158.00000 155.00000 155.00000 163.00000 194.00000 275.00000 255.00000 289.00000 228.00000 258.00000 233.00000 259.00000 309.00000 332.00000 398.00000 534.00000 692.00000 783.00000 882.00000 -9999.00000 -9999.00000 -9999.00000 -9999.00000 -9999.00000 -9999.00000 -9999.00000 -9999.00000 -9999.00000 -9999.00000 -9999.00000 -9999.00000 -9999.00000 -9999.00000 -9999.00000 -9999.00000 -9999.00000 -9999.00000 -9999.00000 -9999.00000 -9999.00000 -9999.00000 -9999.00000 -9999.00000 -9999.00000 -9999.00000 -9999.00000 -9999.00000 -9999.00000 -9999.00000 -9999.00000 -9999.00000 722.00000 653.00000
