solo30s/topo/adem.txt
ncols	 271                    
nrows	 166                    
xllcorner	 110.4000000000     
yllcorner	 -8.1583333333      
cellsize	 0.00833333333333    
NODATA_value  -9999           
[rows 25 to 49 of 166, columns 174 to 231 of 271]
233.00000 222.00000 245.00000 232.00000 225.00000 222.00000 244.00000 244.00000 -9999.00000 -9999.00000 -9999.00000 -9999.00000 -9999.00000 -9999.00000 -9999.00000 -9999.00000 -9999.00000 -9999.00000 -9999.00000 -9999.00000 -9999.00000 -9999.00000 -9999.00000 -9999.00000 -9999.00000 -9999.00000 -9999.00000 -9999.00000 -9999.00000 -9999.00000 -9999.00000 45.00000 40.00000 40.00000 33.00000 37.00000 78.00000 113.00000 35.00000 18.00000 13.00000 10.00000 7.25000 7.29000 7.34000 8.00000 7.51000 8.00000 7.00000 7.00000 8.00000 5.34000 5.99000 8.01000 7.00000 5.21000 5.15000 5.14000
249.00000 254.00000 262.00000 258.00000 257.00000 246.00000 246.00000 259.00000 269.00000 -9999.00000 -9999.00000 -9999.00000 -9999.00000 -9999.00000 -9999.00000 -9999.00000 -9999.00000 -9999.00000 -9999.00000 -9999.00000 -9999.00000 -9999.00000 -9999.00000 -9999.00000 -9999.00000 -9999.00000 -9999.00000 -9999.00000 -9999.00000 94.00000 101.00000 57.00000 29.00000 30.00000 26.00000 23.00000 25.00000 43.00000 18.00000 13.00000 10.00000 7.12000 7.09000 7.09000 6.73000 7.49000 7.00000 7.00000 7.51000 7.25000 7.00000 5.35000 5.36000 6.01000 5.41000 5.16000 5.24000 5.32000
248.00000 257.00000 264.00000 282.00000 281.00000 280.00000 263.00000 264.00000 277.00000 298.00000 -9999.00000 -9999.00000 -9999.00000 -9999.00000 -9999.00000 -9999.00000 -9999.00000 -9999.00000 -9999.00000 -9999.00000 -9999.00000 -9999.00000 -9999.00000 -9999.00000 -9999.00000 -9999.00000 103.00000 89.00000 73.00000 58.00000 57.00000 39.00000 27.00000 26.00000 22.00000 19.00000 15.00000 13.00000 10.00000 8.00000 7.18000 7.18000 7.14000 7.08000 6.71000 7.00000 8.00000 7.00000 8.00000 7.24000 6.00000 5.38000 5.41000 5.41000 5.45000 6.00000 5.33000 5.67000
232.00000 239.00000 252.00000 262.00000 309.00000 338.00000 289.00000 264.00000 273.00000 290.00000 325.00000 -9999.00000 -9999.00000 -9999.00000 333.00000 313.00000 328.00000 379.00000 -9999.00000 -9999.00000 -9999.00000 -9999.00000 -9999.00000 145.00000 132.00000 112.00000 88.00000 69.00000 55.00000 46.00000 39.00000 30.00000 24.00000 21.50000 21.50000 20.00000 12.00000 8.00000 7.96000 7.87000 7.68000 7.19000 7.15000 7.00000 7.00000 6.70000 6.40000 6.30000 6.19000 5.62000 5.61000 5.39000 5.40000 5.40000 5.50000 5.45000 5.68000 5.00000
210.00000 215.00000 288.00000 276.00000 270.00000 291.00000 313.00000 320.00000 319.00000 372.00000 383.00000 -9999.00000 -9999.00000 348.00000 335.00000 313.00000 328.00000 370.00000 371.00000 371.00000 323.00000 -9999.00000 -9999.00000 208.00000 131.00000 107.00000 94.00000 62.00000 31.33000 31.33000 27.00000 27.00000 22.00000 16.50000 16.50000 17.00000 11.00000 7.99000 7.96000 7.65000 7.66000 7.15000 7.00000 7.00000 7.00000 6.40000 6.41000 6.31000 6.21000 5.63000 5.68000 5.75000 5.64000 6.00000 6.00000 5.51000 5.02000 5.00000
174.00000 132.00000 181.00000 217.00000 245.00000 262.00000 281.00000 282.00000 284.00000 359.00000 434.00000 -9999.00000 420.00000 364.00000 319.00000 306.00000 309.00000 301.00000 270.00000 242.00000 216.00000 209.00000 213.00000 160.00000 117.00000 93.00000 67.00000 42.00000 31.34000 28.00000 12.50000 20.00000 17.00000 11.99000 12.01000 11.00000 7.75000 7.75000 7.61000 7.61000 7.63000 7.04000 7.14000 7.00000 6.50000 6.50000 6.51000 6.06000 6.05000 5.68000 5.89000 5.76000 5.88000 5.64000 5.65000 6.00000 5.01000 5.01000
87.00000 79.00000 97.00000 114.00000 136.00000 161.00000 197.00000 177.00000 234.00000 304.00000 380.00000 381.00000 341.00000 315.00000 293.00000 280.00000 269.00000 252.00000 209.00000 170.51000 156.00000 101.00000 61.00000 41.00000 40.00000 34.00000 28.00000 24.00000 21.00000 19.00000 12.50000 12.49000 10.15000 10.77000 10.78000 8.00000 7.67000 7.67000 7.75000 7.44000 7.44000 7.34000 7.04000 7.14000 6.56000 6.57000 6.65000 6.13000 5.68000 6.00000 6.00000 5.89000 5.76000 5.88000 5.70000 5.65000 4.94000 4.93000
79.00000 113.00000 117.00000 116.00000 185.00000 206.00000 156.00000 156.00000 206.00000 265.00000 306.00000 350.00000 375.00000 376.00000 355.00000 329.00000 271.00000 211.00000 170.49000 164.00000 83.00000 45.00000 27.00000 20.00000 17.00000 17.00000 16.00000 15.00000 14.00000 12.51000 12.00000 11.36000 10.15000 10.39000 10.39000 8.00000 8.00000 8.00000 7.67000 7.42000 7.42000 7.34000 6.69000 6.68000 6.78000 6.79000 6.33000 6.13000 5.68000 6.00000 6.01000 6.00000 5.89000 5.77000 5.88000 5.70000 4.98000 4.97000
79.00000 98.00000 149.00000 172.00000 195.00000 153.00000 114.00000 125.00000 183.00000 236.00000 239.00000 235.00000 244.00000 272.00000 275.00000 232.00000 184.00000 161.00000 115.00000 68.00000 20.00000 16.00000 17.00000 12.65000 12.21000 11.90000 12.01000 11.58000 11.15000 10.62000 10.13000 9.99000 10.14000 10.24000 10.24000 10.44000 9.23000 8.00000 7.45000 7.45000 7.42000 7.34000 6.86000 6.85000 6.93000 6.94000 6.33000 6.13000 6.17000 6.00000 6.02000 6.01000 6.00000 5.90000 5.77000 5.89000 5.02000 5.02000
73.00000 90.00000 115.00000 145.00000 138.00000 112.00000 95.00000 111.00000 163.00000 182.00000 172.00000 156.00000 159.00000 142.00000 129.00000 112.00000 101.00000 66.00000 33.00000 17.00000 13.07000 12.34000 12.64000 11.65000 12.20000 11.89000 13.00000 11.56000 10.30000 10.31000 10.05000 9.98000 9.92000 10.44000 10.44000 9.18000 9.23000 8.73000 7.49000 7.47000 8.00000 7.32000 7.32000 7.06000 7.06000 7.08000 6.33000 8.00000 7.00000 6.17000 7.00000 7.00000 6.01000 6.00000 6.00000 8.00000 8.00000 5.09000
65.00000 88.00000 101.00000 110.00000 119.00000 109.00000 92.00000 93.00000 102.00000 107.00000 97.00000 90.00000 80.00000 69.00000 56.00000 39.00000 26.00000 13.01000 14.00000 12.98000 12.98000 12.33000 12.33000 11.64000 11.64000 11.63000 11.41000 11.40000 10.15000 10.16000 10.18000 9.91000 9.71000 9.53000 9.18000 9.16000 9.23000 9.26000 8.73000 9.01000 8.36000 8.18000 7.31000 7.31000 7.26000 8.00000 7.30000 6.34000 6.34000 7.00000 6.17000 7.00000 7.00000 7.00000 6.51000 6.00000 5.49000 5.10000
43.00000 74.00000 92.00000 87.00000 72.00000 67.00000 52.00000 62.49000 62.51000 65.00000 63.00000 55.00000 45.00000 36.00000 30.00000 20.00000 14.00000 13.17000 13.00000 14.00000 12.44000 13.00000 11.99000 12.66000 11.69000 12.00000 11.42000 14.00000 10.15000 11.00000 9.90000 11.00000 11.00000 9.52000 9.16000 9.23000 9.09000 9.25000 8.72000 11.00000 8.99000 8.16000 7.31000 9.00000 7.65000 7.27000 7.27000 6.36000 6.43000 6.44000 6.45000 6.51000 6.00000 5.61000 6.00000 6.49000 5.49000 5.50000
46.00000 82.00000 95.00000 62.00000 52.00000 52.00000 56.00000 47.00000 47.00000 47.00000 44.00000 38.00000 32.00000 26.00000 22.00000 17.50000 13.18000 14.15000 13.78000 13.15000 12.44000 12.45000 12.00000 12.68000 11.70000 11.79000 11.79000 11.00000 10.62000 10.14000 9.89000 9.89000 9.50000 14.00000 9.16000 9.04000 9.08000 9.25000 11.00000 8.70000 8.70000 9.00000 8.00000 8.00000 7.66000 8.32000 8.32000 8.00000 7.00000 7.00000 6.68000 6.49000 6.00000 5.71000 5.61000 5.60000 6.00000 6.00000
26.00000 51.00000 62.00000 48.00000 45.00000 49.00000 45.00000 43.00000 43.00000 37.00000 32.00000 29.00000 23.00000 21.00000 17.50000 17.20000 14.35000 13.94000 13.77000 13.13000 13.29000 12.80000 12.81000 12.42000 12.42000 11.88000 11.88000 11.00000 10.63000 11.00000 11.00000 12.00000 12.00000 9.50000 9.02000 11.00000 11.01000 9.07000 9.01000 8.70000 10.00000 9.01000 9.01000 9.00000 9.00000 8.42000 10.00000 8.99000 8.49000 8.00000 7.00000 7.00000 6.00000 5.70000 6.00000 7.00000 7.00000 6.51000
25.49000 27.00000 38.00000 37.00000 46.00000 45.00000 39.00000 38.51000 38.00000 34.00000 30.00000 28.00000 23.00000 20.00000 17.20000 16.43000 14.35000 14.00000 13.77000 13.59000 13.60000 12.94000 12.95000 13.00000 12.34000 12.34000 12.04000 11.00000 10.63000 11.00000 11.00000 11.36000 11.34000 11.34000 10.99000 9.01000 10.99000 9.01000 13.00000 10.00000 9.49000 9.51000 10.00000 9.00000 10.00000 9.00000 9.00000 9.51000 9.01000 8.51000 7.00000 6.51000 6.49000 6.00000 6.00000 6.01000 6.49000 7.97000
24.88000 24.89000 34.00000 35.00000 41.00000 46.00000 50.00000 48.00000 38.49000 33.00000 28.00000 26.00000 23.00000 20.00000 16.37000 16.37000 15.00000 14.34000 14.23000 15.00000 14.35000 14.35000 12.81000 14.00000 12.79000 13.00000 14.00000 11.00000 10.63000 11.00000 11.00000 12.00000 11.53000 11.59000 11.01000 10.00000 9.01000 11.00000 11.00000 11.00000 12.00000 11.00000 13.00000 15.00000 14.00000 12.00000 9.49000 11.00000 12.68000 11.00000 8.00000 7.00000 9.00000 8.00000 12.00000 10.00000 7.94000 7.95000
25.33000 24.88000 37.00000 28.00000 30.00000 38.00000 36.00000 36.00000 48.00000 33.00000 32.00000 26.00000 21.00000 16.37000 16.29000 14.94000 15.00000 14.34000 15.00000 14.24000 14.25000 14.25000 13.00000 12.80000 13.49000 13.51000 23.00000 16.00000 14.00000 17.00000 23.00000 21.00000 15.00000 11.59000 11.60000 15.00000 20.00000 21.00000 21.00000 18.00000 22.00000 22.00000 20.00000 25.00000 24.00000 23.00000 12.65000 12.66000 13.00000 14.00000 17.00000 14.00000 13.00000 12.00000 13.00000 14.00000 13.00000 9.50000
20.25000 21.00000 24.00000 25.00000 31.00000 31.00000 28.00000 28.00000 17.30000 21.00000 27.00000 25.00000 16.46000 16.29000 16.00000 14.93000 14.92000 14.91000 14.86000 14.86000 14.87000 14.89000 14.00000 15.00000 13.41000 13.42000 21.00000 26.00000 21.00000 30.00000 25.00000 18.00000 13.00000 22.00000 28.00000 39.00000 49.00000 47.00000 45.00000 47.00000 45.00000 39.00000 41.00000 36.00000 35.00000 21.00000 15.01000 15.00000 22.00000 20.00000 27.00000 26.00000 20.00000 16.00000 15.00000 15.00000 12.00000 11.00000
20.25000 20.22000 20.22000 20.22000 19.39000 19.38000 18.68000 17.38000 17.30000 17.30000 17.00000 16.46000 17.00000 15.74000 15.74000 15.37000 14.92000 15.00000 16.00000 16.00000 15.20000 15.21000 15.21000 15.00000 14.25000 13.63000 13.63000 18.00000 22.00000 23.00000 17.00000 19.00000 13.15000 13.33000 19.00000 27.00000 35.00000 38.00000 40.00000 45.00000 47.00000 49.00000 52.00000 48.00000 39.00000 27.00000 17.82000 21.00000 28.00000 26.00000 30.00000 36.00000 26.00000 20.00000 17.00000 14.00000 13.00000 12.00000
19.76000 20.00000 20.00000 19.39000 19.50000 20.00000 18.69000 17.38000 17.15000 17.14000 16.47000 16.47000 16.55000 15.75000 15.79000 15.36000 15.57000 15.59000 17.00000 16.00000 16.00000 16.00000 17.00000 16.00000 14.26000 15.00000 14.00000 14.00000 14.00000 15.00000 14.01000 14.00000 14.00000 13.17000 13.34000 14.00000 14.32000 18.00000 20.00000 22.00000 25.00000 27.00000 28.00000 30.00000 28.00000 25.00000 17.84000 22.00000 26.00000 31.00000 36.00000 36.00000 26.00000 20.00000 17.00000 16.00000 14.00000 12.51000
20.00000 19.75000 19.39000 21.00000 21.00000 19.50000 17.40000 17.39000 16.86000 16.86000 18.00000 16.64000 16.64000 15.79000 16.00000 16.00000 16.17000 16.17000 18.00000 17.00000 17.00000 17.00000 17.00000 17.00000 16.00000 16.00000 14.00000 14.00000 16.00000 16.00000 15.00000 14.00000 15.00000 15.00000 15.00000 14.00000 14.34000 14.67000 14.67000 15.00000 16.00000 17.00000 18.00000 18.00000 18.00000 18.00000 17.84000 18.50000 20.00000 22.50000 23.00000 23.01000 22.00000 20.00000 19.00000 16.00000 14.00000 12.49000
19.64000 19.64000 19.39000 19.39000 20.00000 18.00000 17.79000 17.48000 17.15000 17.15000 16.86000 17.00000 18.00000 18.00000 17.00000 17.00000 16.50000 16.50000 17.00000 19.00000 18.00000 19.00000 19.00000 17.00000 16.00000 16.00000 16.00000 16.00000 17.00000 17.00000 17.00000 16.00000 16.00000 16.00000 17.00000 15.00000 15.00000 15.00000 16.00000 15.00000 16.00000 17.00000 20.00000 18.00000 20.00000 20.00000 20.00000 20.00000 20.00000 22.49000 24.00000 24.00000 24.00000 21.00000 19.00000 17.00000 16.00000 16.00000
20.01000 19.68000 20.00000 19.46000 18.01000 17.81000 17.79000 18.00000 18.00000 19.00000 19.00000 19.00000 20.00000 18.00000 18.00000 18.00000 17.00000 18.00000 19.00000 19.00000 19.00000 20.00000 19.00000 19.00000 17.00000 16.00000 17.00000 18.00000 18.00000 18.00000 19.00000 17.00000 17.00000 18.00000 17.50000 17.00000 16.00000 16.00000 17.00000 18.00000 18.00000 20.00000 21.00000 20.00000 24.00000 23.00000 22.00000 22.00000 24.00000 25.00000 27.00000 28.00000 26.00000 23.00000 22.00000 20.00000 19.00000 20.00000
20.02000 21.00000 20.00000 19.00000 18.00000 17.81000 18.00000 19.00000 19.00000 20.00000 20.00000 22.00000 20.00000 19.34000 19.33000 19.00000 19.00000 20.00000 20.00000 21.00000 21.00000 21.00000 21.00000 19.00000 19.00000 18.00000 18.00000 20.00000 21.00000 21.00000 21.00000 19.00000 19.00000 20.00000 18.00000 17.50000 17.00000 17.00000 18.00000 18.00000 21.00000 23.00000 23.00000 23.00000 26.00000 26.00000 25.00000 25.00000 27.00000 30.00000 28.00000 30.00000 30.00000 31.00000 28.00000 30.00000 30.00000 26.00000
22.00000 24.00000 21.00000 20.00000 20.00000 20.00000 19.00000 21.00000 23.00000 22.25000 22.00000 23.00000 23.00000 20.00000 21.00000 19.33000 21.00000 20.00000 20.00000 22.00000 23.00000 23.00000 21.50000 21.50000 19.00000 19.00000 21.00000 21.00000 22.00000 22.00000 22.00000 21.00000 20.50000 20.50000 19.50000 19.50000 21.00000 21.00000 22.00000 26.00000 29.00000 28.00000 27.00000 31.00000 32.00000 30.00000 30.00000 30.00000 31.00000 34.00000 32.00000 34.00000 39.00000 37.00000 34.00000 39.00000 34.00000 30.00000
