solo30s/topo/adem.txt
ncols	 271                    
nrows	 166                    
xllcorner	 110.4000000000     
yllcorner	 -8.1583333333      
cellsize	 0.00833333333333    
NODATA_value  -9999           
[rows 50 to 74 of 166, columns 174 to 231 of 271]
24.50000 24.50000 24.00000 24.00000 25.00000 21.66000 21.67000 21.67000 22.50000 22.24000 24.50000 24.50000 26.00000 23.00000 22.83000 22.42000 21.50000 21.50000 22.00000 24.00000 25.00000 25.00000 23.50000 23.50000 19.00000 20.00000 22.00000 24.00000 25.00000 24.00000 24.00000 23.00000 23.50000 23.50000 23.00000 23.00000 24.00000 29.00000 27.00000 29.00000 36.00000 29.00000 33.00000 38.00000 35.00000 34.00000 36.00000 35.00000 39.00000 41.00000 36.00000 42.00000 48.51000 45.00000 42.00000 45.00000 40.00000 37.00000
27.00000 27.00000 26.00000 27.50000 26.00000 23.00000 25.00000 24.01000 24.00000 27.00000 24.00000 24.00000 25.00000 25.76000 24.00000 22.41000 23.67000 23.67000 24.00000 25.00000 26.00000 26.00000 26.00000 26.00000 22.00000 21.00000 22.00000 25.00000 27.00000 27.00000 27.00000 25.00000 25.00000 26.00000 28.00000 27.00000 27.00000 34.00000 34.00000 32.00000 38.00000 35.00000 35.00000 42.00000 40.00000 42.00000 47.00000 43.00000 52.00000 44.00000 40.49000 48.49000 65.00000 71.00000 68.00000 59.00000 50.00000 43.00000
30.50000 30.00000 33.01000 31.00000 27.50000 28.00000 30.00000 27.00000 27.00000 27.00000 26.50000 26.50000 28.00000 26.00000 25.75000 25.74000 26.00000 24.00000 24.00000 27.00000 28.00000 29.00000 28.00000 28.00000 25.00000 26.00000 27.00000 27.00000 30.50000 29.00000 27.00000 28.00000 27.00000 32.00000 35.00000 32.00000 30.00000 33.00000 38.00000 38.00000 41.00000 42.51000 42.49000 40.00000 61.00000 53.00000 53.00000 49.51000 51.00000 43.51000 40.51000 41.00000 48.00000 60.00000 93.00000 82.00000 62.00000 49.00000
35.00000 37.51000 38.00000 32.99000 31.00000 31.00000 33.00000 31.00000 31.00000 29.50000 29.50000 28.00000 28.00000 28.00000 25.75000 27.00000 29.50000 28.00000 27.00000 27.00000 30.00000 32.00000 31.00000 31.00000 31.00000 33.00000 35.00000 34.01000 32.00000 30.50000 31.00000 31.00000 33.00000 39.00000 39.01000 34.00000 37.00000 40.00000 42.00000 47.00000 54.00000 63.00000 60.00000 52.00000 61.49000 61.51000 58.00000 58.00000 49.49000 42.74000 42.75000 47.00000 45.00000 60.00000 104.00000 111.00000 81.00000 59.00000
40.00000 40.00000 37.49000 38.00000 38.00000 36.00000 37.00000 36.00000 35.00000 31.00000 30.00000 31.00000 30.00000 30.00000 29.00000 29.00000 29.50000 34.00000 32.00000 32.00000 33.00000 34.00000 34.00000 35.00000 36.00000 38.00000 40.00000 37.00000 33.99000 32.00000 35.00000 32.00000 34.00000 38.99000 40.00000 42.00000 45.00000 53.00000 58.00000 69.00000 89.00000 77.00000 63.00000 55.00000 61.00000 71.00000 63.00000 54.00000 51.00000 48.00000 48.00000 54.00000 48.00000 56.00000 80.00000 104.00000 112.00000 74.00000
45.00000 42.00000 40.00000 44.00000 45.00000 39.00000 41.00000 38.00000 37.00000 33.00000 32.00000 32.00000 33.00000 34.00000 31.00000 32.00000 31.00000 36.00000 38.00000 39.00000 36.00000 40.00000 37.00000 37.00000 39.00000 46.00000 46.00000 38.00000 35.00000 36.00000 39.00000 37.00000 35.00000 38.00000 46.00000 55.00000 67.00000 81.00000 97.00000 108.00000 87.00000 69.00000 62.00000 58.00000 71.00000 75.00000 66.00000 60.00000 57.00000 54.00000 56.00000 59.00000 55.00000 57.00000 71.00000 88.00000 125.00000 95.00000
51.00000 45.00000 41.00000 47.00000 52.00000 44.00000 43.00000 41.00000 39.00000 38.00000 34.00000 34.00000 36.00000 37.00000 35.00000 34.49000 34.51000 35.00000 40.00000 45.00000 41.00000 43.00000 39.00000 42.00000 41.01000 45.00000 46.00000 42.00000 39.00000 43.00000 41.00000 40.00000 37.00000 44.00000 64.00000 87.00000 105.00000 122.00000 129.00000 107.00000 83.00000 71.00000 66.00000 72.00000 80.00000 83.00000 69.00000 63.00000 66.00000 63.00000 70.00000 71.00000 62.00000 64.00000 75.00000 88.00000 100.00000 93.00000
54.00000 47.00000 42.00000 44.00000 55.00000 50.00000 45.00000 44.00000 42.00000 37.00000 34.00000 36.00000 38.00000 41.00000 39.00000 35.00000 40.00000 39.33000 39.34000 48.01000 46.00000 41.00000 40.99000 41.00000 44.00000 47.00000 48.00000 45.00000 41.00000 47.00000 48.00000 47.01000 46.99000 65.00000 92.00000 115.00000 127.00000 150.00000 168.00000 162.00000 112.00000 83.00000 81.00000 106.00000 128.00000 82.00000 77.00000 78.00000 76.00000 72.00000 81.00000 76.00000 72.00000 81.00000 73.00000 88.00000 100.00000 94.00000
54.00000 49.00000 47.00000 46.00000 55.00000 54.00000 49.00000 45.00000 39.00000 38.00000 37.00000 38.00000 41.00000 43.00000 44.00000 39.00000 39.32000 40.00000 40.01000 47.99000 54.00000 44.00000 42.00000 45.00000 48.00000 54.00000 54.00000 53.00000 44.00000 51.00000 57.00000 48.00000 53.00000 76.00000 89.00000 100.00000 133.00000 154.00000 158.00000 172.00000 135.00000 113.00000 135.00000 162.00000 128.00000 110.00000 124.00000 108.00000 91.00000 80.00000 87.00000 82.00000 89.00000 102.00000 89.00000 94.00000 101.00000 99.00000
67.00000 59.00000 53.00000 49.00000 59.00000 52.00000 47.00000 42.00000 40.00000 41.00000 39.00000 43.00000 44.00000 46.00000 51.00000 42.00000 45.00000 45.00000 43.00000 43.00000 49.00000 45.00000 48.00000 47.00000 49.00000 58.00000 57.00000 49.51000 49.49000 52.24000 69.00000 53.00000 64.00000 62.00000 77.00000 102.00000 119.00000 123.00000 133.00000 130.00000 136.00000 166.00000 164.00000 -9999.00000 -9999.00000 127.00000 158.00000 145.00000 144.00000 106.00000 107.00000 90.00000 91.00000 93.00000 -9999.00000 -9999.00000 -9999.00000 -9999.00000
91.00000 81.00000 82.00000 68.00000 68.00000 62.00000 52.00000 43.00000 42.00000 44.00000 46.00000 46.00000 46.00000 50.00000 54.00000 45.75000 45.74000 49.00000 46.51000 46.49000 49.00000 52.00000 52.00000 50.00000 50.00000 61.00000 54.00000 52.27000 52.25000 52.33000 66.00000 62.00000 53.00000 55.00000 63.00000 78.00000 88.00000 102.00000 106.00000 108.00000 127.00000 -9999.00000 -9999.00000 -9999.00000 -9999.00000 -9999.00000 -9999.00000 -9999.00000 -9999.00000 -9999.00000 157.00000 143.00000 -9999.00000 -9999.00000 -9999.00000 -9999.00000 -9999.00000 -9999.00000
112.00000 109.00000 106.00000 97.00000 92.00000 77.00000 50.00000 46.00000 46.00000 49.00000 49.00000 47.00000 50.00000 52.00000 55.00000 48.00000 47.51000 55.00000 50.01000 54.00000 50.00000 54.00000 58.01000 55.00000 53.00000 61.00000 59.00000 58.00000 53.45000 53.46000 55.00000 62.00000 58.00000 59.00000 59.00000 60.00000 69.00000 78.00000 81.00000 87.00000 96.00000 -9999.00000 -9999.00000 -9999.00000 -9999.00000 -9999.00000 -9999.00000 -9999.00000 -9999.00000 -9999.00000 -9999.00000 -9999.00000 -9999.00000 -9999.00000 -9999.00000 -9999.00000 -9999.00000 -9999.00000
129.00000 124.00000 122.00000 119.00000 102.00000 73.00000 52.00000 52.00000 46.00000 52.00000 51.00000 54.00000 52.00000 54.00000 57.00000 53.00000 50.00000 49.99000 54.00000 57.00000 54.00000 56.00000 58.00000 57.99000 57.00000 65.00000 66.00000 57.00000 56.00000 57.00000 62.00000 65.00000 66.00000 64.00000 63.00000 67.00000 64.00000 68.00000 72.00000 79.00000 89.00000 -9999.00000 -9999.00000 -9999.00000 -9999.00000 -9999.00000 -9999.00000 -9999.00000 -9999.00000 -9999.00000 -9999.00000 -9999.00000 -9999.00000 -9999.00000 -9999.00000 -9999.00000 -9999.00000 -9999.00000
143.00000 140.00000 134.00000 119.00000 96.00000 58.49000 58.51000 53.00000 47.00000 60.00000 58.00000 55.00000 54.00000 58.00000 60.00000 61.00000 57.00000 53.00000 62.00000 59.00000 58.00000 60.00000 61.00000 59.00000 63.00000 71.00000 67.00000 61.00000 58.00000 63.00000 68.00000 74.00000 70.00000 69.00000 71.00000 74.00000 72.00000 74.00000 75.00000 82.00000 90.00000 -9999.00000 -9999.00000 -9999.00000 -9999.00000 -9999.00000 -9999.00000 -9999.00000 -9999.00000 -9999.00000 -9999.00000 -9999.00000 -9999.00000 -9999.00000 -9999.00000 -9999.00000 -9999.00000 -9999.00000
135.00000 122.00000 107.00000 96.00000 66.00000 62.00000 63.00000 51.00000 50.00000 58.00000 63.00000 59.00000 58.00000 62.00000 64.00000 66.00000 57.00000 57.00000 68.00000 63.00000 66.00000 67.50000 66.00000 63.00000 68.00000 75.00000 67.00000 63.00000 64.00000 70.00000 75.00000 78.00000 79.00000 82.00000 84.00000 86.00000 83.00000 84.00000 84.00000 -9999.00000 -9999.00000 -9999.00000 -9999.00000 -9999.00000 -9999.00000 -9999.00000 -9999.00000 -9999.00000 -9999.00000 -9999.00000 -9999.00000 -9999.00000 -9999.00000 -9999.00000 -9999.00000 -9999.00000 -9999.00000 -9999.00000
97.00000 89.00000 87.00000 77.50000 66.00000 69.00000 60.00000 54.00000 52.00000 61.00000 67.00000 65.00000 64.00000 62.00000 67.00000 67.00000 62.99000 63.01000 74.00000 69.00000 74.00000 75.00000 67.50000 66.00000 69.00000 75.00000 70.00000 67.00000 69.00000 74.00000 84.00000 91.00000 92.00000 -9999.00000 -9999.00000 -9999.00000 -9999.00000 -9999.00000 -9999.00000 -9999.00000 -9999.00000 -9999.00000 -9999.00000 -9999.00000 -9999.00000 -9999.00000 -9999.00000 -9999.00000 -9999.00000 -9999.00000 -9999.00000 -9999.00000 -9999.00000 -9999.00000 -9999.00000 -9999.00000 -9999.00000 -9999.00000
100.00000 99.00000 94.00000 77.50000 72.00000 74.00000 63.00000 61.00000 54.00000 66.00000 73.00000 74.00000 71.00000 67.00000 70.50000 70.50000 74.00000 74.00000 78.00000 78.00000 86.00000 80.00000 75.00000 69.00000 72.00000 78.00000 72.00000 74.00000 78.00000 82.00000 91.00000 96.00000 -9999.00000 -9999.00000 -9999.00000 -9999.00000 -9999.00000 -9999.00000 -9999.00000 -9999.00000 -9999.00000 -9999.00000 -9999.00000 -9999.00000 -9999.00000 -9999.00000 -9999.00000 -9999.00000 -9999.00000 -9999.00000 -9999.00000 -9999.00000 -9999.00000 -9999.00000 -9999.00000 -9999.00000 -9999.00000 -9999.00000
111.00000 104.00000 97.00000 84.00000 76.00000 74.00000 69.00000 56.00000 58.00000 65.00000 79.00000 76.00000 80.00000 77.00000 77.00000 74.00000 85.50000 85.50000 89.00000 86.00000 94.00000 86.00000 83.00000 81.00000 78.00000 82.00000 77.00000 77.00000 91.00000 100.00000 95.00000 92.00000 -9999.00000 -9999.00000 -9999.00000 -9999.00000 -9999.00000 -9999.00000 -9999.00000 -9999.00000 -9999.00000 -9999.00000 -9999.00000 -9999.00000 -9999.00000 -9999.00000 -9999.00000 -9999.00000 -9999.00000 -9999.00000 -9999.00000 -9999.00000 -9999.00000 -9999.00000 -9999.00000 -9999.00000 -9999.00000 -9999.00000
159.00000 141.00000 118.00000 105.34000 76.00000 74.00000 85.00000 63.00000 75.00000 71.00000 76.00000 89.00000 95.00000 84.00000 85.00000 80.00000 79.00000 95.00000 99.00000 94.00000 94.00000 97.00000 93.00000 85.00000 79.00000 90.00000 83.00000 83.00000 90.00000 103.00000 99.00000 104.00000 -9999.00000 -9999.00000 -9999.00000 -9999.00000 -9999.00000 -9999.00000 -9999.00000 -9999.00000 -9999.00000 -9999.00000 -9999.00000 -9999.00000 -9999.00000 -9999.00000 -9999.00000 -9999.00000 -9999.00000 -9999.00000 -9999.00000 -9999.00000 -9999.00000 -9999.00000 -9999.00000 -9999.00000 -9999.00000 -9999.00000
138.00000 127.50000 127.00000 105.33000 105.33000 101.00000 74.00000 112.00000 118.00000 103.00000 94.00000 102.00000 118.00000 110.00000 115.00000 100.00000 91.00000 94.00000 109.00000 104.00000 106.00000 102.00000 104.00000 94.00000 89.00000 94.00000 89.00000 89.00000 89.00000 101.00000 105.00000 -9999.00000 -9999.00000 -9999.00000 -9999.00000 -9999.00000 -9999.00000 -9999.00000 -9999.00000 -9999.00000 -9999.00000 -9999.00000 -9999.00000 -9999.00000 -9999.00000 -9999.00000 -9999.00000 -9999.00000 -9999.00000 -9999.00000 -9999.00000 -9999.00000 -9999.00000 -9999.00000 -9999.00000 -9999.00000 -9999.00000 -9999.00000
142.00000 127.50000 125.43000 125.44000 144.00000 134.00000 96.50000 124.00000 139.00000 144.00000 128.00000 120.00000 128.00000 133.00000 121.00000 103.00000 112.00000 105.00000 116.00000 126.00000 125.00000 123.00000 121.00000 113.00000 98.00000 104.00000 107.00000 103.00000 101.00000 103.00000 110.00000 -9999.00000 -9999.00000 -9999.00000 -9999.00000 -9999.00000 -9999.00000 -9999.00000 -9999.00000 -9999.00000 -9999.00000 -9999.00000 -9999.00000 -9999.00000 -9999.00000 -9999.00000 -9999.00000 -9999.00000 -9999.00000 -9999.00000 -9999.00000 -9999.00000 -9999.00000 -9999.00000 -9999.00000 -9999.00000 -9999.00000 -9999.00000
128.01000 137.00000 126.16000 139.00000 125.45000 104.00000 96.50000 108.50000 128.00000 157.00000 139.00000 128.00000 144.00000 151.00000 147.00000 119.00000 117.00000 125.00000 123.00000 153.00000 146.00000 146.00000 144.00000 119.00000 111.00000 114.00000 123.00000 145.00000 124.00000 130.00000 123.00000 -9999.00000 -9999.00000 -9999.00000 -9999.00000 -9999.00000 -9999.00000 -9999.00000 -9999.00000 -9999.00000 -9999.00000 -9999.00000 -9999.00000 -9999.00000 -9999.00000 -9999.00000 -9999.00000 -9999.00000 -9999.00000 -9999.00000 -9999.00000 -9999.00000 -9999.00000 -9999.00000 -9999.00000 -9999.00000 -9999.00000 -9999.00000
128.49000 139.00000 126.17000 126.34000 133.00000 107.00000 109.00000 117.00000 108.50000 116.00000 128.00000 153.00000 161.00000 158.00000 141.00000 124.00000 121.00000 138.00000 133.00000 144.00000 161.00000 165.00000 153.00000 135.00000 137.00000 131.00000 145.00000 160.00000 148.00000 146.00000 148.00000 -9999.00000 -9999.00000 -9999.00000 -9999.00000 -9999.00000 -9999.00000 -9999.00000 -9999.00000 -9999.00000 -9999.00000 -9999.00000 -9999.00000 -9999.00000 -9999.00000 -9999.00000 -9999.00000 -9999.00000 -9999.00000 -9999.00000 -9999.00000 -9999.00000 -9999.00000 -9999.00000 -9999.00000 -9999.00000 -9999.00000 -9999.00000
128.51000 143.00000 129.00000 129.00000 132.00000 118.00000 122.00000 134.00000 133.00000 131.00000 125.00000 134.00000 161.00000 180.00000 161.00000 145.00000 132.00000 133.00000 164.00000 169.00000 218.00000 193.00000 155.00000 168.00000 162.00000 146.00000 159.00000 -9999.00000 -9999.00000 -9999.00000 -9999.00000 -9999.00000 -9999.00000 -9999.00000 -9999.00000 -9999.00000 -9999.00000 -9999.00000 -9999.00000 -9999.00000 -9999.00000 -9999.00000 -9999.00000 -9999.00000 -9999.00000 -9999.00000 -9999.00000 -9999.00000 -9999.00000 -9999.00000 -9999.00000 -9999.00000 -9999.00000 -9999.00000 -9999.00000 -9999.00000 -9999.00000 -9999.00000
137.00000 147.00000 144.00000 141.00000 150.00000 136.00000 150.00000 165.00000 156.00000 175.00000 143.00000 159.00000 184.00000 221.00000 186.00000 164.00000 167.00000 152.00000 167.00000 186.00000 200.00000 195.00000 168.00000 190.00000 194.00000 202.00000 -9999.00000 -9999.00000 -9999.00000 -9999.00000 -9999.00000 -9999.00000 -9999.00000 -9999.00000 -9999.00000 -9999.00000 -9999.00000 -9999.00000 -9999.00000 -9999.00000 -9999.00000 -9999.00000 -9999.00000 -9999.00000 -9999.00000 -9999.00000 -9999.00000 -9999.00000 -9999.00000 -9999.00000 -9999.00000 -9999.00000 -9999.00000 -9999.00000 -9999.00000 -9999.00000 -9999.00000 -9999.00000
