solo30s/topo/adem.txt
ncols	 271                    
nrows	 166                    
xllcorner	 110.4000000000     
yllcorner	 -8.1583333333      
cellsize	 0.00833333333333    
NODATA_value  -9999           
[rows 100 to 124 of 166, columns 0 to 57 of 271]
-9999.00000 -9999.00000 -9999.00000 -9999.00000 -9999.00000 -9999.00000 -9999.00000 -9999.00000 -9999.00000 733.00000 698.00000 658.00000 632.00000 605.00000 576.00000 543.00000 506.99000 483.00000 452.00000 426.00000 400.00000 374.49000 354.00000 332.00000 314.00000 293.00000 273.00000 252.00000 231.51000 212.01000 196.00000 182.51000 170.01000 160.51000 154.68000 147.00000 140.68000 133.01000 128.00000 123.00000 113.67000 113.67000 110.00000 106.50000 106.50000 104.00000 99.00000 95.00000 94.00000 92.33000 94.00000 93.00000 92.31000 92.31000 95.00000 98.00000 105.00000 110.00000
-9999.00000 -9999.00000 -9999.00000 -9999.00000 -9999.00000 -9999.00000 -9999.00000 -9999.00000 689.00000 672.00000 643.00000 615.00000 584.00000 562.00000 536.00000 507.01000 476.00000 431.00000 431.00000 405.00000 384.00000 357.00000 331.00000 314.00000 297.00000 277.00000 259.00000 241.00000 222.00000 206.00000 191.00000 178.00000 166.00000 156.00000 147.00000 142.00000 138.00000 130.00000 124.00000 120.00000 113.66000 112.00000 109.00000 106.00000 105.00000 102.00000 98.00000 97.00000 95.00000 92.34000 92.34000 92.34000 92.39000 94.00000 94.00000 98.00000 102.50000 106.00000
-9999.00000 -9999.00000 -9999.00000 -9999.00000 -9999.00000 -9999.00000 -9999.00000 -9999.00000 -9999.00000 616.00000 558.00000 571.00000 544.00000 501.00000 501.00000 474.00000 445.00000 404.00000 404.00000 383.00000 359.00000 339.00000 314.00000 297.00000 279.00000 264.00000 246.00000 230.00000 212.00000 198.00000 186.00000 171.00000 160.00000 152.00000 144.00000 136.00000 132.00000 123.00000 123.00000 118.00000 114.00000 110.00000 105.00000 103.00000 101.00000 100.00000 96.00000 95.00000 92.70000 93.00000 92.61000 92.61000 95.00000 96.00000 98.00000 100.00000 102.50000 107.00000
-9999.00000 -9999.00000 -9999.00000 -9999.00000 -9999.00000 -9999.00000 -9999.00000 -9999.00000 -9999.00000 558.00000 545.00000 523.00000 504.00000 483.00000 463.00000 443.00000 419.00000 390.99000 375.00000 359.00000 341.00000 321.00000 300.00000 281.00000 250.00000 250.00000 235.00000 219.00000 205.00000 190.00000 171.00000 167.00000 154.00000 145.00000 139.00000 132.00000 123.00000 122.00000 122.00000 116.00000 110.50000 109.00000 104.66000 101.50000 97.00000 96.00000 96.00000 93.22000 93.22000 92.70000 92.74000 92.95000 93.00000 96.00000 99.00000 99.50000 102.00000 107.00000
-9999.00000 -9999.00000 -9999.00000 -9999.00000 -9999.00000 -9999.00000 -9999.00000 -9999.00000 -9999.00000 -9999.00000 498.00000 482.00000 463.00000 447.00000 425.00000 411.00000 391.01000 368.00000 333.00000 333.00000 318.00000 295.00000 281.00000 264.00000 236.00000 236.00000 224.00000 212.00000 198.00000 178.99000 169.00000 154.00000 149.00000 141.00000 134.00000 128.00000 122.00000 119.00000 119.00000 114.00000 110.50000 109.00000 104.66000 101.50000 97.00000 95.00000 94.33000 97.00000 93.33000 93.33000 93.00000 93.00000 94.00000 95.00000 98.00000 99.50000 102.00000 106.00000
-9999.00000 -9999.00000 -9999.00000 -9999.00000 -9999.00000 -9999.00000 -9999.00000 -9999.00000 -9999.00000 -9999.00000 453.00000 410.00000 423.00000 410.00000 394.00000 376.00000 360.00000 341.00000 311.00000 311.00000 295.00000 281.00000 259.49000 246.00000 221.00000 221.00000 211.00000 201.00000 187.00000 179.01000 162.00000 150.49000 143.00000 135.00000 129.00000 124.00000 118.00000 115.00000 117.00000 112.34000 107.00000 104.68000 99.00000 97.00000 97.00000 94.34000 95.00000 96.00000 93.44000 93.59000 94.00000 95.75000 95.74000 98.00000 100.50000 102.00000 102.00000 107.00000
-9999.00000 -9999.00000 -9999.00000 -9999.00000 -9999.00000 -9999.00000 -9999.00000 -9999.00000 -9999.00000 -9999.00000 410.00000 404.00000 388.00000 375.00000 361.00000 346.00000 331.00000 313.00000 288.00000 288.00000 276.00000 259.51000 244.00000 231.00000 218.00000 211.00000 200.00000 190.00000 178.00000 167.00000 160.00000 150.51000 141.00000 131.99000 126.50000 119.00000 114.00000 112.33000 112.33000 110.00000 107.00000 105.00000 101.00000 97.00000 95.00000 95.00000 96.00000 96.00000 94.00000 95.00000 95.00000 96.51000 96.50000 98.00000 100.50000 104.00000 107.00000 111.50000
-9999.00000 -9999.00000 -9999.00000 -9999.00000 -9999.00000 -9999.00000 -9999.00000 -9999.00000 -9999.00000 -9999.00000 -9999.00000 361.00000 351.00000 338.00000 325.00000 313.00000 300.00000 287.00000 273.00000 265.00000 256.00000 239.00000 226.00000 215.00000 207.00000 191.00000 191.00000 181.00000 172.00000 163.01000 151.49000 146.00000 137.00000 132.01000 126.50000 119.00000 118.00000 115.00000 109.00000 107.00000 104.50000 101.00000 99.00000 98.00000 95.33000 95.32000 95.65000 97.00000 95.00000 95.00000 95.00000 97.50000 99.00000 102.00000 102.00000 103.00000 106.00000 110.25000
-9999.00000 -9999.00000 -9999.00000 -9999.00000 -9999.00000 -9999.00000 -9999.00000 -9999.00000 -9999.00000 -9999.00000 -9999.00000 -9999.00000 323.00000 314.00000 300.00000 284.00000 272.00000 259.00000 245.00000 236.00000 229.00000 223.00000 211.00000 199.00000 195.00000 191.00000 182.00000 174.00000 162.99000 157.00000 151.51000 143.00000 133.49000 129.00000 120.50000 120.50000 117.00000 117.00000 116.00000 111.00000 104.50000 103.00000 99.50000 97.00000 96.49000 96.31000 96.51000 99.00000 97.00000 96.52000 96.00000 99.00000 102.00000 102.00000 103.00000 104.00000 106.00000 110.25000
-9999.00000 -9999.00000 -9999.00000 -9999.00000 -9999.00000 -9999.00000 -9999.00000 -9999.00000 -9999.00000 -9999.00000 -9999.00000 -9999.00000 294.00000 287.00000 275.00000 263.00000 252.00000 223.67000 223.66000 217.00000 207.49000 207.51000 197.00000 186.00000 182.00000 179.00000 174.00000 166.00000 159.00000 144.67000 144.67000 139.00000 133.51000 127.00000 119.00000 117.00000 113.00000 112.00000 108.00000 106.00000 102.00000 99.00000 99.50000 98.00000 96.31000 97.00000 100.00000 96.52000 96.52000 98.00000 97.85000 99.00000 101.00000 104.00000 104.00000 107.00000 106.00000 113.00000
-9999.00000 -9999.00000 -9999.00000 -9999.00000 -9999.00000 -9999.00000 -9999.00000 -9999.00000 -9999.00000 -9999.00000 -9999.00000 -9999.00000 268.00000 253.00000 253.00000 245.00000 233.00000 223.67000 212.00000 201.00000 192.49000 192.51000 184.00000 175.00000 172.00000 168.00000 159.00000 159.00000 151.00000 144.66000 140.00000 133.00000 126.00000 120.00000 115.00000 112.00000 112.00000 109.00000 106.00000 103.00000 100.00000 97.00000 96.51000 96.32000 96.32000 96.40000 97.00000 96.55000 99.00000 97.84000 98.00000 99.54000 99.56000 101.00000 104.00000 106.00000 110.00000 112.50000
-9999.00000 -9999.00000 -9999.00000 -9999.00000 -9999.00000 -9999.00000 -9999.00000 -9999.00000 -9999.00000 -9999.00000 -9999.00000 -9999.00000 244.00000 234.00000 234.00000 227.00000 217.00000 207.00000 197.00000 188.00000 182.00000 178.00000 173.00000 167.00000 163.00000 157.99000 158.01000 152.00000 146.00000 139.00000 133.00000 130.00000 124.00000 118.50000 112.00000 108.00000 108.00000 104.00000 102.00000 101.00000 99.00000 96.70000 96.84000 96.51000 99.00000 97.00000 96.55000 98.00000 97.84000 99.00000 99.54000 100.00000 100.41000 101.00000 103.00000 105.00000 112.50000 117.00000
-9999.00000 -9999.00000 -9999.00000 -9999.00000 -9999.00000 -9999.00000 -9999.00000 -9999.00000 -9999.00000 -9999.00000 -9999.00000 -9999.00000 222.00000 218.99000 219.01000 209.00000 193.00000 193.00000 185.00000 177.00000 173.00000 163.00000 163.00000 160.00000 153.00000 151.00000 146.49000 146.51000 141.00000 134.00000 128.00000 123.00000 117.25000 117.25000 114.00000 108.00000 106.00000 103.00000 100.50000 100.25000 99.00000 97.00000 96.70000 96.64000 98.00000 98.00000 96.55000 98.67000 98.33000 99.27000 99.54000 100.40000 101.00000 103.00000 104.00000 104.00000 110.00000 116.00000
-9999.00000 -9999.00000 -9999.00000 -9999.00000 -9999.00000 -9999.00000 -9999.00000 -9999.00000 -9999.00000 -9999.00000 -9999.00000 -9999.00000 203.00000 201.00000 201.00000 193.00000 186.00000 174.00000 174.00000 168.00000 165.00000 160.49000 160.51000 150.00000 146.00000 142.00000 140.00000 136.00000 132.00000 127.00000 122.00000 119.00000 116.00000 112.00000 112.00000 108.00000 106.00000 103.00000 101.00000 100.25000 99.00000 101.00000 97.01000 98.00000 96.64000 96.56000 96.73000 98.67000 98.33000 99.27000 100.24000 100.24000 100.25000 102.00000 103.50000 103.50000 108.00000 115.00000
-9999.00000 -9999.00000 -9999.00000 -9999.00000 -9999.00000 -9999.00000 -9999.00000 -9999.00000 -9999.00000 -9999.00000 -9999.00000 -9999.00000 186.00000 184.49000 184.51000 179.00000 174.00000 170.00000 165.00000 160.00000 151.00000 155.00000 153.00000 146.00000 138.99000 138.00000 135.00000 131.00000 128.00000 126.00000 122.00000 116.00000 111.00000 109.00000 106.00000 106.00000 108.00000 108.00000 104.00000 104.00000 102.00000 97.41000 97.42000 97.42000 96.56000 97.23000 96.73000 99.00000 100.35000 100.33000 102.00000 101.33000 102.00000 103.59000 107.00000 106.01000 106.00000 111.00000
-9999.00000 -9999.00000 -9999.00000 -9999.00000 -9999.00000 -9999.00000 -9999.00000 -9999.00000 -9999.00000 -9999.00000 -9999.00000 -9999.00000 170.50000 170.49000 171.01000 166.00000 162.00000 159.00000 156.00000 151.00000 150.00000 143.00000 144.49000 144.51000 139.01000 145.00000 139.00000 142.00000 134.00000 129.00000 122.00000 116.00000 109.00000 111.00000 105.99000 104.00000 101.00000 101.00000 101.00000 99.17000 97.94000 97.95000 102.00000 97.63000 103.00000 100.00000 98.00000 105.00000 105.00000 105.00000 101.33000 104.00000 103.58000 103.58000 105.00000 106.00000 106.00000 109.00000
-9999.00000 -9999.00000 -9999.00000 -9999.00000 -9999.00000 -9999.00000 -9999.00000 -9999.00000 -9999.00000 -9999.00000 -9999.00000 -9999.00000 158.50000 158.49000 159.01000 157.00000 152.00000 150.00000 147.00000 135.67000 142.00000 143.00000 134.00000 135.00000 131.00000 126.00000 128.00000 132.00000 143.00000 157.00000 135.00000 115.00000 112.00000 106.00000 106.01000 105.00000 102.00000 102.00000 101.00000 99.17000 98.89000 99.00000 99.00000 104.00000 117.00000 131.00000 114.00000 111.00000 110.00000 105.00000 101.34000 104.25000 111.00000 111.00000 105.99000 106.00000 108.50000 110.50000
-9999.00000 -9999.00000 -9999.00000 -9999.00000 -9999.00000 -9999.00000 -9999.00000 -9999.00000 -9999.00000 -9999.00000 -9999.00000 -9999.00000 150.00000 143.00000 148.49000 148.51000 145.00000 141.00000 135.66000 138.00000 135.67000 134.00000 134.00000 128.99000 126.00000 125.00000 121.67000 121.67000 144.00000 172.00000 119.00000 114.00000 116.00000 111.00000 108.00000 105.00000 103.00000 103.00000 101.00000 100.00000 98.99000 99.00000 99.01000 123.00000 141.00000 140.00000 151.00000 123.00000 132.00000 149.00000 111.00000 106.00000 111.00000 133.00000 112.00000 107.00000 108.50000 110.50000
-9999.00000 -9999.00000 -9999.00000 -9999.00000 -9999.00000 -9999.00000 -9999.00000 -9999.00000 -9999.00000 -9999.00000 -9999.00000 -9999.00000 143.00000 144.00000 139.99000 140.00000 139.00000 134.00000 132.00000 133.00000 129.00000 129.00000 128.00000 129.01000 126.00000 121.66000 124.00000 137.00000 148.00000 133.00000 119.00000 122.00000 134.00000 123.00000 107.00000 106.00000 104.50000 103.00000 101.00000 99.00000 100.00000 100.00000 100.00000 104.00000 122.00000 158.00000 171.00000 164.00000 149.00000 163.00000 172.00000 117.00000 114.00000 113.00000 131.00000 108.00000 109.00000 111.00000
-9999.00000 -9999.00000 -9999.00000 -9999.00000 -9999.00000 -9999.00000 -9999.00000 -9999.00000 -9999.00000 -9999.00000 -9999.00000 -9999.00000 218.00000 171.00000 140.01000 134.00000 133.00000 132.00000 128.68000 129.00000 125.00000 124.50000 123.00000 123.00000 124.00000 121.00000 126.00000 170.00000 161.00000 119.00000 168.00000 166.00000 154.00000 116.00000 106.00000 104.50000 103.00000 101.00000 100.00000 100.00000 99.00000 100.00000 103.00000 108.00000 143.00000 175.00000 212.00000 204.00000 193.00000 190.00000 184.00000 160.00000 127.00000 115.00000 127.00000 110.00000 111.00000 110.00000
-9999.00000 -9999.00000 -9999.00000 -9999.00000 -9999.00000 -9999.00000 -9999.00000 -9999.00000 -9999.00000 -9999.00000 -9999.00000 -9999.00000 -9999.00000 253.00000 155.00000 133.00000 132.00000 132.00000 128.67000 128.65000 124.50000 122.00000 121.00000 121.00000 121.00000 120.00000 122.00000 157.00000 134.00000 119.00000 142.00000 135.00000 124.00000 113.00000 108.00000 103.00000 100.51000 100.51000 100.49000 100.49000 102.00000 102.00000 103.00000 108.00000 119.00000 149.00000 196.00000 238.00000 267.00000 320.00000 293.00000 182.00000 157.00000 129.00000 124.00000 113.00000 116.00000 111.00000
-9999.00000 -9999.00000 -9999.00000 -9999.00000 -9999.00000 -9999.00000 -9999.00000 -9999.00000 -9999.00000 -9999.00000 -9999.00000 -9999.00000 -9999.00000 -9999.00000 281.00000 149.00000 135.00000 136.00000 154.00000 232.00000 183.00000 144.00000 124.00000 124.00000 120.00000 119.00000 119.00000 119.00000 119.00000 123.00000 128.00000 128.00000 136.00000 113.00000 107.00000 105.00000 102.00000 103.00000 102.00000 101.00000 103.00000 103.00000 106.00000 108.00000 130.00000 151.00000 228.00000 285.00000 288.00000 339.00000 400.00000 369.00000 241.00000 194.00000 124.00000 120.00000 122.00000 116.00000
-9999.00000 -9999.00000 -9999.00000 -9999.00000 -9999.00000 -9999.00000 -9999.00000 -9999.00000 -9999.00000 -9999.00000 -9999.00000 -9999.00000 -9999.00000 -9999.00000 340.00000 178.00000 153.00000 199.00000 202.00000 286.00000 256.00000 170.00000 129.00000 128.00000 133.00000 130.00000 127.00000 133.00000 134.00000 142.00000 145.00000 142.00000 146.00000 119.00000 110.00000 104.00000 102.00000 114.00000 159.00000 121.00000 109.00000 106.00000 107.00000 110.00000 111.00000 135.00000 186.00000 256.00000 311.00000 345.00000 374.00000 388.00000 456.00000 372.00000 145.00000 129.00000 150.00000 163.00000
-9999.00000 -9999.00000 -9999.00000 -9999.00000 -9999.00000 -9999.00000 -9999.00000 -9999.00000 -9999.00000 -9999.00000 -9999.00000 -9999.00000 -9999.00000 -9999.00000 -9999.00000 242.00000 293.00000 243.00000 303.00000 280.00000 251.00000 147.00000 150.00000 144.00000 195.00000 206.00000 201.00000 192.00000 202.00000 215.00000 199.00000 191.00000 205.00000 151.00000 121.00000 116.00000 131.00000 187.00000 197.00000 203.00000 137.00000 109.00000 109.00000 110.00000 111.00000 131.00000 190.00000 -9999.00000 -9999.00000 -9999.00000 -9999.00000 -9999.00000 -9999.00000 463.00000 179.00000 150.00000 148.00000 185.00000
-9999.00000 -9999.00000 -9999.00000 -9999.00000 -9999.00000 -9999.00000 -9999.00000 -9999.00000 -9999.00000 -9999.00000 -9999.00000 -9999.00000 -9999.00000 -9999.00000 -9999.00000 -9999.00000 -9999.00000 291.00000 293.00000 216.00000 209.00000 254.00000 238.00000 272.00000 239.00000 378.00000 333.00000 300.00000 328.00000 284.00000 261.00000 326.00000 370.00000 306.00000 285.00000 269.00000 255.00000 253.00000 233.00000 213.00000 166.00000 118.00000 113.00000 119.00000 149.00000 175.00000 231.00000 -9999.00000 -9999.00000 -9999.00000 -9999.00000 -9999.00000 -9999.00000 558.00000 323.00000 215.00000 199.00000 202.00000
